43.9395637512207
41.93903350830078
45.30753707885742
43.74309539794922
44.077388763427734
43.94015884399414
42.93551254272461
42.649898529052734
41.30422592163086
41.04184341430664
41.08525466918945
42.04481887817383
41.03434371948242
40.745243072509766
38.562644958496094
36.318504333496094
34.16496658325195
34.774009704589844
28.90522003173828
25.441434860229492
22.853809356689453
19.07402801513672
18.57550811767578
17.94746971130371
20.267457962036133
20.86104393005371
20.51218605041504
18.282461166381836
16.433700561523438
15.45290756225586
16.106651306152344
15.533085823059082
15.814509391784668
15.36642074584961
14.820089340209961
16.199909210205078
15.618165969848633
15.338827133178711
14.795790672302246
14.723586082458496
14.15374755859375
14.187620162963867
14.646780967712402
14.767419815063477
14.74028205871582
15.036162376403809
14.054755210876465
14.737768173217773
14.657210350036621
13.968098640441895
13.288856506347656
13.846959114074707
14.570887565612793
16.454442977905273
14.523914337158203
13.525430679321289
13.704488754272461
14.187414169311523
13.498421669006348
13.767374992370605
13.719478607177734
14.530010223388672
13.330537796020508
14.333767890930176
14.001884460449219
13.663918495178223
13.892986297607422
13.650880813598633
13.94320011138916
13.657342910766602
13.90823745727539
13.911006927490234
14.291427612304688
13.326961517333984
12.86872386932373
13.705706596374512
13.692442893981934
13.58918285369873
13.621920585632324
13.276505470275879
14.641708374023438
13.85891056060791
14.074450492858887
14.180334091186523
13.054810523986816
13.508528709411621
14.140864372253418
13.313702583312988
14.377181053161621
14.080137252807617
13.655328750610352
13.759893417358398
13.725751876831055
13.577120780944824
14.322317123413086
13.740677833557129
13.236431121826172
13.583890914916992
13.380620956420898
13.587915420532227
13.562972068786621
13.46609878540039
13.294219970703125
13.640937805175781
13.87500286102295
13.182744979858398
13.54808521270752
13.075628280639648
13.396697998046875
14.493846893310547
13.057185173034668
13.494860649108887
13.863468170166016
12.397234916687012
13.466552734375
14.085325241088867
13.321165084838867
13.354103088378906
14.078868865966797
13.883339881896973
13.654618263244629
13.104803085327148
14.143786430358887
13.077552795410156
13.33441162109375
12.153833389282227
13.595441818237305
13.541557312011719
13.505642890930176
13.506794929504395
13.132981300354004
13.613484382629395
13.335307121276855
13.664978981018066
13.90640926361084
13.613359451293945
13.308137893676758
13.484675407409668
13.542654037475586
14.135774612426758
13.428162574768066
13.047548294067383
13.595145225524902
13.258861541748047
13.396369934082031
13.19674015045166
13.31810474395752
13.200637817382812
13.605412483215332
13.637007713317871
13.266399383544922
13.279516220092773
14.21684455871582
13.855635643005371
13.391550064086914
12.882519721984863
13.21853256225586
12.8259916305542
13.216475486755371
13.541414260864258
13.532644271850586
14.524105072021484
13.405143737792969
13.268585205078125
13.703774452209473
13.415868759155273
12.740179061889648
13.724620819091797
14.078195571899414
13.476896286010742
13.120254516601562
13.53152847290039
13.104724884033203
13.405817985534668
13.312607765197754
13.146195411682129
13.502203941345215
13.521018981933594
12.81130599975586
11.90006160736084
13.152486801147461
13.67003059387207
13.386489868164062
13.435070991516113
13.049918174743652
12.545412063598633
12.508504867553711
13.571802139282227
13.702431678771973
13.276854515075684
13.008901596069336
13.802377700805664
13.386679649353027
13.614388465881348
12.41331958770752
12.78845500946045
12.783515930175781
12.183805465698242
13.424907684326172
13.359358787536621
13.420199394226074
12.74339771270752
12.861433029174805
12.45787525177002
12.966609954833984
12.412519454956055
12.986909866333008
12.944719314575195
12.383134841918945
12.818059921264648
13.139565467834473
13.488776206970215
13.193726539611816
12.780747413635254
12.656269073486328
12.687304496765137
12.750592231750488
12.644491195678711
12.496034622192383
12.853020668029785
13.038106918334961
12.923511505126953
12.63365650177002
12.911579132080078
13.04403018951416
12.818266868591309
12.969953536987305
12.683189392089844
12.993453025817871
12.579887390136719
12.502219200134277
12.525243759155273
12.48314380645752
12.009679794311523
12.410111427307129
12.347247123718262
12.86550521850586
12.711363792419434
13.087982177734375
12.99716854095459
12.768134117126465
12.489229202270508
12.699150085449219
12.441683769226074
12.122501373291016
12.484283447265625
12.675594329833984
13.370195388793945
12.75734806060791
12.317559242248535
12.483160018920898
11.84072208404541
12.475042343139648
12.896224021911621
12.525663375854492
12.663761138916016
12.680017471313477
12.267117500305176
12.970861434936523
12.692378997802734
12.332573890686035
12.464984893798828
12.70936393737793
12.674812316894531
12.193097114562988
12.557319641113281
12.655190467834473
12.985383033752441
12.002744674682617
11.334813117980957
12.513864517211914
12.180768013000488
12.691524505615234
12.171168327331543
11.964442253112793
12.479168891906738
12.672996520996094
12.426955223083496
12.432918548583984
12.46789836883545
12.820990562438965
12.202152252197266
12.519466400146484
12.21859359741211
12.113329887390137
12.228264808654785
12.34546184539795
12.093429565429688
12.977794647216797
12.036447525024414
12.422657012939453
12.136995315551758
12.04785442352295
12.20935344696045
12.193275451660156
12.433940887451172
12.38094425201416
12.190367698669434
11.833508491516113
12.23693561553955
12.102569580078125
12.062250137329102
12.13075065612793
12.232674598693848
12.339125633239746
14.053242683410645
12.934345245361328
12.396836280822754
12.303236961364746
12.290294647216797
12.015626907348633
12.079033851623535
12.18480396270752
12.418933868408203
12.242585182189941
12.4232177734375
11.786932945251465
11.625604629516602
12.196113586425781
12.4716215133667
12.268157958984375
12.252506256103516
11.889289855957031
11.303096771240234
11.879639625549316
12.197988510131836
11.830038070678711
12.092289924621582
11.8279447555542
12.135523796081543
12.408937454223633
12.821178436279297
11.735872268676758
12.169206619262695
12.262789726257324
11.976455688476562
12.430216789245605
11.928228378295898
11.908821105957031
12.418134689331055
12.822941780090332
14.603774070739746
11.92176628112793
12.812538146972656
12.549838066101074
12.140253067016602
11.795788764953613
11.93614387512207
12.17762279510498
12.074874877929688
11.55660629272461
12.087288856506348
12.425600051879883
12.111166954040527
12.119097709655762
11.838805198669434
11.615450859069824
11.82752513885498
11.685981750488281
12.848647117614746
11.903847694396973
11.736696243286133
11.540800094604492
11.960683822631836
12.215999603271484
11.588716506958008
11.85886001586914
12.024637222290039
11.872490882873535
12.009542465209961
11.15754222869873
12.082222938537598
11.598538398742676
12.080528259277344
11.853484153747559
11.722033500671387
11.518348693847656
11.372053146362305
11.513245582580566
11.783546447753906
12.104954719543457
11.704450607299805
11.830750465393066
12.182926177978516
11.947491645812988
12.20828628540039
11.382944107055664
11.745007514953613
11.704788208007812
11.664710998535156
11.67923355102539
11.58712100982666
11.653497695922852
11.290008544921875
10.940449714660645
11.740939140319824
11.367392539978027
11.232081413269043
11.232217788696289
11.445099830627441
11.35702133178711
12.029519081115723
10.800300598144531
11.901728630065918
11.459966659545898
11.51657485961914
10.614991188049316
11.1265287399292
11.581847190856934
11.33494758605957
11.23584270477295
11.175166130065918
11.11346435546875
10.794073104858398
10.762022972106934
10.93905258178711
11.082286834716797
10.91307544708252
11.339320182800293
10.566262245178223
11.264321327209473
10.589723587036133
10.806442260742188
10.99356746673584
10.769745826721191
10.48127555847168
10.792747497558594
10.899118423461914
10.917409896850586
10.946953773498535
10.783824920654297
10.05040168762207
10.617064476013184
10.764284133911133
11.206162452697754
10.37709903717041
10.794638633728027
10.302993774414062
10.513400077819824
10.61238956451416
10.313948631286621
10.556347846984863
10.47887134552002
10.513917922973633
10.809993743896484
10.110459327697754
10.369933128356934
10.159045219421387
10.65874195098877
9.205811500549316
10.17673397064209
9.963789939880371
10.456918716430664
10.005562782287598
10.340448379516602
10.313834190368652
10.00202751159668
10.471233367919922
9.676582336425781
10.207193374633789
9.821372032165527
9.507357597351074
9.70135498046875
10.148773193359375
10.079852104187012
9.894341468811035
9.665911674499512
9.106082916259766
9.959503173828125
9.736770629882812
10.021727561950684
9.867549896240234
9.668554306030273
9.419547080993652
9.638772964477539
9.777042388916016
9.29399585723877
9.883407592773438
9.889904022216797
9.743123054504395
9.561504364013672
9.572598457336426
9.159311294555664
10.320934295654297
9.627047538757324
8.567397117614746
9.705988883972168
10.13059139251709
9.697860717773438
9.579072952270508
9.7578706741333
9.325532913208008
10.383996963500977
9.595556259155273
9.36941146850586
9.237248420715332
9.571691513061523
9.234407424926758
9.430418014526367
9.513532638549805
8.655853271484375
9.76032543182373
9.657334327697754
9.056553840637207
9.31486988067627
9.46216106414795
9.660869598388672
9.566143989562988
9.393962860107422
9.518892288208008
9.41275691986084
9.314671516418457
9.427576065063477
9.353379249572754
9.246411323547363
8.818703651428223
8.677932739257812
9.005457878112793
8.79305648803711
9.434738159179688
8.9085054397583
8.67377758026123
8.231648445129395
8.120912551879883
8.093852996826172
8.56926441192627
7.93680477142334
7.91566276550293
7.935663223266602
8.37974739074707
8.431763648986816
7.836914539337158
8.10938549041748
8.265323638916016
8.442294120788574
8.113748550415039
7.9744343757629395
8.342835426330566
7.904456615447998
8.478133201599121
7.910560607910156
8.045604705810547
7.86807107925415
7.908999919891357
8.312125205993652
8.46749496459961
8.382521629333496
7.84855318069458
7.823097229003906
7.95741605758667
7.687020778656006
7.999431133270264
7.963949680328369
8.116022109985352
8.101351737976074
7.903159141540527
8.376936912536621
7.776968002319336
8.223712921142578
7.9390130043029785
8.359163284301758
7.713908672332764
7.557887077331543
8.28580379486084
7.725309371948242
8.23571491241455
7.619872570037842
7.714992046356201
7.8005690574646
7.704124927520752
7.646644592285156
8.024739265441895
8.225006103515625
8.203459739685059
8.202723503112793
7.783732891082764
8.279797554016113
7.953124523162842
7.973983287811279
8.08570671081543
7.840009689331055
7.743352890014648
7.814300060272217
8.119904518127441
7.7900800704956055
7.513954162597656
8.077710151672363
7.649625778198242
7.8378682136535645
7.972221851348877
7.744668006896973
7.638364315032959
8.134950637817383
7.4355597496032715
7.928791522979736
7.86814546585083
8.029582023620605
7.800856590270996
7.795295238494873
7.693832874298096
6.965793609619141
7.109302043914795
7.290651798248291
7.389360427856445
7.198976993560791
6.872294902801514
6.987457275390625
6.775740146636963
7.322458744049072
6.92294454574585
7.436846733093262
6.622219085693359
6.9991841316223145
7.575467109680176
6.912646293640137
6.946285247802734
7.013151168823242
7.25302267074585
7.263022422790527
6.7092766761779785
7.0390777587890625
7.196008682250977
6.959991455078125
6.939133167266846
6.880753517150879
6.79429292678833
7.085939407348633
7.414736270904541
6.970334529876709
6.625829696655273
6.921245098114014
7.027070045471191
7.317036151885986
7.361414909362793
7.464548110961914
7.0701093673706055
6.993995189666748
6.884621620178223
6.855687618255615
7.082764625549316
7.3948187828063965
7.010056495666504
6.938421726226807
7.201658248901367
7.14387321472168
6.899288654327393
6.728654384613037
6.817921161651611
7.166479587554932
6.951236248016357
6.972667694091797
6.891289234161377
6.945486545562744
6.793013095855713
6.979356288909912
6.883806228637695
6.8431010246276855
6.913707733154297
7.1104278564453125
7.440721035003662
6.7166361808776855
6.697112083435059
7.076107978820801
6.906642436981201
7.001222133636475
7.123178482055664
6.79748010635376
7.108216285705566
6.9851603507995605
6.65350866317749
6.947700023651123
7.16141939163208
6.957921504974365
6.936750888824463
6.870885848999023
6.796090126037598
6.591487407684326
7.059284210205078
6.836232662200928
6.8339009284973145
7.240090847015381
6.6271491050720215
6.9250922203063965
7.683947563171387
6.99325704574585
6.877770900726318
6.927003383636475
6.72510290145874
6.774806022644043
6.967791557312012
6.614145278930664
6.67387056350708
6.842771053314209
7.031125545501709
6.756221771240234
6.873279094696045
6.871509075164795
6.79028844833374
7.000607490539551
7.16233491897583
7.07796049118042
7.063516616821289
6.7426371574401855
6.745452880859375
7.210326194763184
6.780844688415527
6.807068824768066
6.703968524932861
6.973908424377441
6.677685260772705
7.249930381774902
6.853041648864746
6.808313846588135
6.678492546081543
7.010786056518555
6.907891750335693
6.402932167053223
7.080878257751465
6.757242679595947
6.32012414932251
6.782670497894287
7.252437114715576
6.999277114868164
6.931016445159912
7.221803665161133
6.828916072845459
6.66989278793335
6.730534553527832
6.677614212036133
6.877032279968262
6.777504920959473
7.0518598556518555
7.01993465423584
6.6720733642578125
7.044304847717285
6.761669635772705
6.981524467468262
6.85612678527832
6.817023277282715
6.624387741088867
7.021120071411133
6.983758449554443
6.571992874145508
6.794388771057129
6.998384475708008
6.959537982940674
6.880321502685547
6.501963138580322
6.640757083892822
6.865623950958252
6.513058662414551
6.565010070800781
6.943783283233643
6.9151506423950195
7.053030490875244
6.555985450744629
7.342916965484619
7.073174476623535
7.1593918800354
6.810898780822754
6.861928939819336
6.6178297996521
6.701268196105957
6.600468635559082
6.838483810424805
6.728751182556152
6.874235153198242
6.900276184082031
6.919259071350098
6.713335990905762
7.125524044036865
6.635106086730957
6.94765567779541
6.765347003936768
7.06412410736084
7.121335506439209
6.788516998291016
6.809515476226807
6.846272945404053
6.631538391113281
6.490976810455322
6.728111267089844
6.823533058166504
6.707509517669678
7.26303768157959
6.5497965812683105
6.886794090270996
6.644432067871094
6.536846160888672
6.834041595458984
6.541252136230469
5.845227241516113
6.808149814605713
6.63447904586792
6.589184761047363
6.641134738922119
6.8198933601379395
6.746434211730957
6.875302791595459
6.5741047859191895
6.376463890075684
6.508296966552734
6.639533519744873
7.005822658538818
7.013506889343262
6.495841979980469
6.531332015991211
6.742409706115723
7.102893829345703
6.442728042602539
6.812637805938721
6.525923728942871
6.997940540313721
6.741305351257324
7.039154529571533
6.487081050872803
7.288450241088867
6.470869064331055
6.737129211425781
6.545857906341553
7.134504318237305
6.712319374084473
6.878210067749023
6.9478936195373535
7.267998218536377
6.860647201538086
7.409262657165527
6.576094150543213
6.6276092529296875
6.529779434204102
6.782303810119629
6.5666937828063965
6.957146644592285
6.545393466949463
6.763814449310303
6.638712406158447
6.683008193969727
6.544498920440674
6.772534370422363
6.728766918182373
6.825730800628662
6.854460716247559
7.040276050567627
7.056588649749756
6.65784215927124
6.651504039764404
6.821897506713867
6.641673564910889
6.662333011627197
6.565549850463867
6.7040510177612305
6.81361198425293
6.771369934082031
6.693212032318115
6.518382549285889
6.856165885925293
7.1725640296936035
6.560373306274414
6.685072898864746
6.834977626800537
6.897429466247559
6.65377950668335
6.590391159057617
7.370334625244141
7.051360130310059
6.5974650382995605
6.782600402832031
6.50906229019165
6.985265254974365
6.6806464195251465
6.821396827697754
6.811391830444336
6.544199466705322
6.7366251945495605
6.743153095245361
7.1611223220825195
6.553987979888916
6.7311577796936035
6.655595302581787
6.552658557891846
6.771326065063477
6.918132305145264
6.745972156524658
7.034074783325195
6.896484851837158
6.817136764526367
6.980052947998047
6.819486141204834
6.646204948425293
6.428681373596191
7.004763126373291
6.681805610656738
6.870462894439697
6.666296482086182
6.343077659606934
6.520440578460693
6.807505130767822
6.8722076416015625
6.702388763427734
6.559706211090088
6.859059810638428
6.3801374435424805
7.064248561859131
6.739124298095703
6.679147243499756
7.231487274169922
6.926933288574219
6.670193672180176
6.848840713500977
6.756037712097168
6.547121047973633
6.610477447509766
6.646213054656982
6.801083564758301
6.771928787231445
6.976431846618652
6.996750354766846
7.653799057006836
6.398431301116943
6.984216213226318
6.819812297821045
6.776534080505371
6.766732692718506
7.059788227081299
6.788813591003418
7.1190385818481445
6.446349143981934
6.623889923095703
6.747208118438721
6.359524250030518
7.101622104644775
6.60111665725708
6.787602424621582
6.492162227630615
6.9674882888793945
6.432358741760254
6.956851482391357
6.987616062164307
6.779782772064209
6.526973724365234
7.091508388519287
6.892482280731201
6.631486415863037
7.273342132568359
6.556920528411865
6.721210479736328
6.916004657745361
6.791385650634766
6.7133636474609375
6.565520286560059
6.8426361083984375
7.026963233947754
6.945034980773926
6.515477657318115
6.855943202972412
6.789470195770264
7.121457099914551
6.440768241882324
7.055992603302002
6.813105583190918
6.370737075805664
6.724778652191162
6.634113788604736
6.493434429168701
6.979276180267334
6.909597396850586
6.751069068908691
6.762396812438965
6.704870223999023
6.594115257263184
6.698068141937256
7.083852767944336
6.5486273765563965
7.1790642738342285
6.575624465942383
6.5121049880981445
6.603852272033691
6.558512210845947
7.104552268981934
6.650407314300537
6.7547383308410645
6.882535457611084
6.322952747344971
6.657136917114258
6.7623291015625
6.658176422119141
6.44233512878418
6.442038536071777
6.715109825134277
7.021612644195557
6.854244709014893
6.796855926513672
6.8070855140686035
6.8008928298950195
6.952183246612549
6.602963447570801
7.095496654510498
6.631462097167969
6.649664878845215
6.724878311157227
6.702090740203857
6.792485237121582
6.6394195556640625
6.481808185577393
6.8740010261535645
6.853567123413086
7.068137168884277
6.753792762756348
6.508310794830322
6.813937664031982
6.826220989227295
6.575367450714111
6.627974033355713
6.6229071617126465
6.706202030181885
7.184924125671387
6.633665561676025
6.60352087020874
6.710444927215576
6.652527809143066
6.435227394104004
6.448518753051758
6.5765228271484375
6.55899715423584
6.989137649536133
6.99324369430542
6.625476837158203
6.445855617523193
6.4437174797058105
6.653276443481445
6.559415817260742
6.640542984008789
6.496282577514648
7.161498069763184
6.457311630249023
6.669483661651611
6.660370349884033
6.867606163024902
6.877930164337158
7.436923503875732
6.972718715667725
6.635049343109131
6.5681352615356445
7.083744525909424
6.753275394439697
7.004587650299072
6.656583786010742
6.869369983673096
6.896641254425049
6.587340831756592
6.553322792053223
6.742063999176025
6.405208587646484
6.502295017242432
6.739709854125977
6.665249347686768
6.450761318206787
6.520389556884766
6.511368274688721
6.662785053253174
6.79597282409668
6.188602447509766
6.544867992401123
6.701088905334473
6.8803887367248535
6.546877384185791
6.73230504989624
6.683123588562012
6.760326862335205
6.413547039031982
6.461124420166016
6.421009063720703
6.505213260650635
6.702483177185059
6.836716175079346
6.566471576690674
6.534557342529297
6.885073661804199
6.377220630645752
7.0022406578063965
6.754377365112305
6.627897262573242
6.703188419342041
6.544645309448242
6.737608909606934
6.19268274307251
6.743415832519531
6.8354387283325195
6.957520484924316
6.535504341125488
6.709823131561279
6.556756496429443
6.529396057128906
6.998135089874268
6.505749225616455
6.67664098739624
6.6682209968566895
5.715303421020508
6.423854351043701
6.904432773590088
6.978079319000244
6.688056945800781
6.548095226287842
6.638393878936768
6.601154804229736
6.552505016326904
6.33465051651001
6.454154014587402
6.720706939697266
6.525747776031494
6.859263896942139
6.70997953414917
6.941232204437256
6.365546226501465
6.565590858459473
6.242883205413818
6.623482704162598
6.450759410858154
6.645479679107666
6.747054100036621
6.481923580169678
7.203254222869873
6.7778849601745605
6.430613994598389
6.917055606842041
6.630063056945801
6.557569980621338
6.6367082595825195
6.790375709533691
6.911522388458252
6.448285102844238
6.822059631347656
6.75484561920166
6.835503578186035
6.533620834350586
7.009457111358643
6.507322311401367
6.632247447967529
6.603320121765137
6.996913433074951
6.733878135681152
6.645967960357666
6.576527118682861
6.528143882751465
6.610874652862549
6.835521221160889
6.585934162139893
6.313755035400391
6.573789119720459
6.597140789031982
6.498307704925537
6.709078311920166
6.592809677124023
6.583468914031982
6.855536937713623
6.742600917816162
6.8659586906433105
6.428431987762451
6.5973052978515625
6.669784069061279
6.778092384338379
6.433065891265869
6.758388996124268
6.6845479011535645
6.381714820861816
6.131518840789795
6.8823957443237305
6.688896179199219
6.291729927062988
6.289211750030518
6.334226608276367
6.409008502960205
6.682158946990967
6.546393394470215
6.3149309158325195
6.833769798278809
6.191091537475586
6.549036979675293
6.621620178222656
7.273087501525879
6.705320835113525
6.702991485595703
6.548266410827637
6.49545955657959
6.411465167999268
6.691021919250488
6.343967914581299
6.42616081237793
6.849245071411133
6.672051429748535
6.8300089836120605
6.759929180145264
6.5987772941589355
6.294496059417725
6.556289196014404
6.461856365203857
6.353270053863525
6.355512619018555
6.460281848907471
6.481494903564453
6.869109630584717
6.554144859313965
6.688559532165527
6.739046096801758
6.213951587677002
7.1157073974609375
6.857133865356445
6.537907123565674
6.585719108581543
6.272017478942871
6.548651695251465
6.631940841674805
6.450326919555664
6.975064277648926
6.728824615478516
6.657310962677002
6.2632975578308105
6.557187080383301
6.603935241699219
7.01701545715332
6.83532190322876
6.830799579620361
6.706836700439453
6.476525783538818
6.568965435028076
6.672227382659912
6.698929786682129
6.590676307678223
6.444049835205078
6.671774387359619
6.691564559936523
6.436156272888184
6.304199695587158
6.268494606018066
6.425885200500488
6.533849239349365
6.553837776184082
6.693079471588135
6.571730613708496
6.512610912322998
6.5805134773254395
6.291692733764648
6.716555118560791
6.637748718261719
6.56662130355835
6.748877048492432
6.634519100189209
6.427096366882324
6.656209468841553
6.714327812194824
6.632472038269043
6.4780378341674805
6.524481773376465
6.729611396789551
6.514796733856201
6.448943614959717
6.6165971755981445
6.703376770019531
6.354604244232178
6.9485979080200195
6.857407569885254
6.689385890960693
6.6753716468811035
6.679452896118164
6.212189674377441
6.2658562660217285
6.834777355194092
6.434823036193848
6.321052074432373
6.530958652496338
6.518664836883545
6.969002723693848
6.292581558227539
6.492286205291748
6.610256195068359
7.077569961547852
6.566743850708008
6.435388565063477
6.577703475952148
6.589245796203613
6.498614311218262
6.4704976081848145
6.339283466339111
6.356893539428711
6.359599590301514
6.458835124969482
6.625245094299316
6.719671726226807
6.587696075439453
6.810213565826416
6.493613243103027
6.32087516784668
6.630822658538818
6.715559482574463
6.345497131347656
6.337418079376221
6.440131187438965
6.165885925292969
6.811021327972412
6.605026721954346
6.31080436706543
6.3643903732299805
6.5821852684021
6.382406234741211
6.3402018547058105
6.333834648132324
6.484798908233643
6.923784255981445
6.464441776275635
6.155012130737305
6.52803897857666
6.5098724365234375
6.588326930999756
6.906219959259033
6.578488349914551
6.58229923248291
6.369036674499512
6.470605850219727
6.155557155609131
6.531750202178955
7.242974281311035
6.627662181854248
6.579471111297607
6.406044960021973
6.605773448944092
6.227158069610596
6.541284084320068
6.672093868255615
6.375266075134277
6.678617477416992
6.811580657958984
6.511711597442627
6.539981842041016
6.515319347381592
6.590415000915527
6.718554496765137
6.429800510406494
6.572807312011719
6.633079528808594
6.662745952606201
6.9893317222595215
6.6847734451293945
6.355064868927002
6.581847667694092
6.488977432250977
6.38085412979126
6.97694730758667
6.464065074920654
6.326503753662109
6.920875549316406
6.658442974090576
6.440269947052002
7.0406975746154785
6.594315528869629
6.619653224945068
6.352321147918701
6.708112716674805
6.4578118324279785
6.3862199783325195
6.731466770172119
6.738709449768066
6.644437789916992
6.619462966918945
6.39587926864624
6.5100297927856445
6.811792373657227
6.674463272094727
6.529592514038086
7.300051689147949
6.138232231140137
6.671964168548584
6.588181018829346
6.628741264343262
6.594179630279541
6.5279998779296875
6.3197407722473145
6.674164772033691
6.485645294189453
6.585668087005615
6.349973678588867
6.531485557556152
6.489917755126953
6.482997894287109
6.389390468597412
6.564990997314453
6.959080219268799
6.197863578796387
6.317788124084473
6.418405055999756
6.4694743156433105
6.690805912017822
6.447887420654297
6.730662822723389
6.600855350494385
6.584489822387695
6.706441879272461
6.866443157196045
6.4406914710998535
6.52780294418335
6.263373851776123
6.674732685089111
6.4147138595581055
6.4220499992370605
6.456396579742432
6.985357284545898
6.441819667816162
6.349842071533203
6.061987400054932
6.719848155975342
6.6454877853393555
6.63527774810791
6.5252180099487305
6.685398578643799
6.658339023590088
6.682899475097656
6.735347270965576
6.494641304016113
6.460512161254883
6.32084321975708
6.471762180328369
6.516465663909912
6.79762601852417
6.42543888092041
6.881245136260986
6.735650062561035
6.2818450927734375
6.518450736999512
6.548842430114746
6.594812870025635
6.456269264221191
6.559419631958008
6.48438835144043
6.318178653717041
6.1677727699279785
6.655940055847168
6.478693962097168
6.533297061920166
6.573177337646484
6.379574298858643
5.870575428009033
6.420977592468262
6.6897478103637695
6.664530277252197
6.310470104217529
6.845627307891846
6.451335430145264
6.533316612243652
6.697369575500488
6.893266201019287
6.218216419219971
6.359776020050049
6.095525741577148
6.403530120849609
6.4667649269104
6.402875900268555
6.402083396911621
6.361601829528809
5.967243671417236
6.791494369506836
6.577798366546631
6.641851425170898
6.308169364929199
6.505807399749756
6.356386661529541
6.54144811630249
6.892414569854736
6.344607353210449
6.297063827514648
6.239746570587158
6.7198286056518555
6.523035049438477
6.309749126434326
6.882603168487549
6.2170538902282715
6.284552574157715
7.174814701080322
6.614457607269287
6.712255001068115
6.555136680603027
7.0393548011779785
6.525143146514893
6.763655185699463
6.551397800445557
6.553642272949219
6.448530673980713
6.605142593383789
6.7820353507995605
6.583817005157471
6.551333427429199
6.105535507202148
6.498468399047852
6.622829437255859
6.486240386962891
6.346977710723877
6.513947486877441
6.626182556152344
6.6153564453125
6.823716163635254
6.729455947875977
6.790216445922852
6.2952094078063965
6.482871055603027
6.488506317138672
6.478273391723633
6.431461811065674
6.570061683654785
6.629027843475342
6.461791515350342
6.362481117248535
6.671021938323975
6.492237567901611
6.884676456451416
6.5719499588012695
6.583526611328125
6.537446975708008
6.559047698974609
6.433084964752197
6.558502674102783
6.373769283294678
6.373779773712158
6.708241939544678
6.311938285827637
6.409116744995117
7.008364200592041
6.354465484619141
6.443046569824219
6.412424564361572
6.081477165222168
6.617846965789795
6.79595422744751
6.429584980010986
6.236194133758545
6.475613594055176
6.787867546081543
6.423288822174072
6.5799736976623535
6.513972282409668
6.685579299926758
6.7224273681640625
6.308873176574707
6.454766750335693
6.545567989349365
6.50587797164917
6.577180862426758
6.593798637390137
7.116668224334717
6.5663676261901855
6.139522075653076
6.340084075927734
6.688141345977783
6.361291885375977
6.815887928009033
6.341461181640625
6.709733009338379
6.3861613273620605
6.621417045593262
6.674844741821289
6.054742813110352
6.459990501403809
6.846309661865234
6.525424480438232
6.594712734222412
6.1196608543396
6.49760103225708
6.522655487060547
6.266747951507568
6.857428073883057
6.636790752410889
6.477786540985107
6.811323642730713
6.427951812744141
6.3819074630737305
6.434032440185547
6.364542007446289
6.635190486907959
6.628067970275879
6.821159839630127
6.659795761108398
6.357539653778076
6.506475448608398
6.701084136962891
6.170734405517578
6.420520782470703
5.488090991973877
6.684724807739258
6.286261558532715
6.65038537979126
6.811509609222412
6.395568370819092
6.759434700012207
6.247931003570557
6.335770130157471
6.337739944458008
6.6253790855407715
6.390811920166016
6.695378303527832
6.596603870391846
6.389781951904297
6.347960472106934
6.657697677612305
6.260521411895752
6.072784900665283
6.765448093414307
6.493921279907227
6.366270065307617
6.558379173278809
6.312859535217285
6.66620397567749
6.2241926193237305
6.792163372039795
6.460465431213379
6.382900238037109
6.613844394683838
6.53474760055542
6.426602363586426
6.904463291168213
6.47134256362915
6.2638421058654785
6.329265117645264
6.841846942901611
6.283001899719238
6.544800758361816
6.616552829742432
6.737260818481445
6.6769022941589355
6.376091480255127
6.768679141998291
6.281730651855469
6.770931243896484
6.376254081726074
6.093105316162109
6.8801960945129395
6.337691307067871
6.610072612762451
6.8951921463012695
6.533891201019287
6.829816818237305
6.561812877655029
6.649740695953369
6.946399688720703
6.531499862670898
6.601016044616699
6.292579174041748
6.62376594543457
6.453899383544922
6.2760539054870605
6.5922322273254395
6.2825140953063965
6.543993949890137
6.5790934562683105
6.720503330230713
6.509497165679932
6.557729244232178
6.573233604431152
6.372803688049316
6.288175106048584
6.495564937591553
6.567498207092285
6.507967472076416
6.8700761795043945
6.441771507263184
6.501712799072266
6.5721964836120605
6.445013046264648
6.6476874351501465
6.2552103996276855
6.68919563293457
6.376955032348633
6.183659553527832
6.4732866287231445
6.3738694190979
6.6876726150512695
6.570998668670654
6.958277702331543
6.581387996673584
6.315853595733643
6.483781814575195
6.545022487640381
6.600765228271484
6.262681007385254
6.4285101890563965
6.668334007263184
6.432777404785156
6.394977569580078
6.6726531982421875
6.462912082672119
6.341783046722412
6.334853172302246
6.591902732849121
6.342990398406982
6.602569580078125
6.032256126403809
6.865905284881592
6.797713279724121
6.610065937042236
6.344413757324219
6.391961097717285
6.450149059295654
6.746140956878662
6.330190181732178
6.425614356994629
6.425745964050293
6.654932022094727
6.480225563049316
6.453176975250244
6.593364715576172
6.291311740875244
6.367050647735596
6.694585800170898
6.860076427459717
6.594884395599365
6.40512228012085
6.421370506286621
6.371792316436768
6.367470741271973
6.559787750244141
6.459967136383057
6.409114360809326
6.354858875274658
6.1060357093811035
6.355661392211914
6.338465213775635
6.451766490936279
6.645925045013428
6.47744083404541
6.631473064422607
6.757908821105957
6.120907306671143
6.585699081420898
6.553524017333984
6.926885604858398
6.442115783691406
6.322945594787598
6.598008155822754
6.311182975769043
6.428675174713135
6.3391313552856445
6.352208137512207
6.450141906738281
6.810666084289551
6.538876056671143
6.489632606506348
6.288903713226318
6.5329437255859375
6.295754909515381
5.9794135093688965
6.327167510986328
6.5748610496521
6.303746223449707
6.355955123901367
6.439724445343018
6.466756820678711
6.085841655731201
6.006091594696045
6.418752193450928
6.200413703918457
6.7974395751953125
6.416875839233398
6.624586582183838
6.676222324371338
6.156157493591309
6.653147220611572
6.6134843826293945
7.1678314208984375
6.644443511962891
6.264001846313477
6.826007843017578
6.384255886077881
6.363359451293945
6.489912033081055
6.591319561004639
6.609920024871826
6.3757405281066895
6.132192134857178
6.329708576202393
6.210643768310547
6.612001895904541
6.373748302459717
6.579862594604492
6.590956211090088
6.441657066345215
6.611497402191162
6.383713722229004
6.527472019195557
6.524064064025879
6.279506683349609
6.398014545440674
6.303101062774658
6.392852306365967
6.654081344604492
6.742132186889648
6.247503757476807
6.449642658233643
6.590624809265137
6.466616630554199
6.442709445953369
6.353411674499512
6.76804256439209
6.460495948791504
6.624448299407959
6.564614295959473
6.905686378479004
6.447537899017334
6.453036308288574
6.346913814544678
6.654699325561523
6.6327409744262695
6.570776462554932
6.7926812171936035
